L1, 03, 02, 02, 05, 04, 05, 05, 03, 05, 03, 02, 04, 03, 03
L2, 03, 01, 05, 01, 04, 01, 01, 04, 05
L3, 01, 03, 04, 02, 05, 03, 04, 01
L4, 03, 04, 05, 05, 03, 04, 04, 04, 05, 01, 03, 02, 03, 05, 02
L5, 05, 04, 01, 05, 03, 03, 01, 05, 01, 04, 01, 05, 02, 01, 05
L6, 01, 02, 02, 05, 02, 05, 03, 03, 05, 02, 05, 05, 01
L7, 04, 02, 01, 01, 01, 05
L8, 01, 01, 01, 01, 01, 03, 04, 03, 04, 05, 05, 05, 03, 04
L9, 03, 03, 01, 04, 04, 05, 03
L10, 02, 02, 02, 04, 04, 02, 03, 04
L11, 05, 05, 05, 02, 02, 04, 01, 05, 05, 05, 02, 04, 05, 03
